14
6085.110208601708 3166.5810007601067 6085.39524304316 3167.0174475425156
7461.490553827006 11863.031647916016 7461.484166543443 11863.40697485036
9547.977399575419 449.2602647268843 9547.993649303497 449.6806508153983
14702.920249761939 2238.2296498906944 14702.596621527808 2237.8895204282776
13322.89811624319 5301.418877252202 13322.581428563637 5300.950987166837
13102.989677390618 3880.855115417 13103.008116603502 3881.2552791106577
6706.412662904216 11612.131542529307 6706.105733775361 11611.686650126592
2144.581340957089 2800.2382474489978 2144.8937062254745 2799.9695879049495
108.48126548312159 180.35101254711344 108.5194600603361 180.72420351151243
2485.079372612042 2503.2359572008845 2485.392025533537 2502.9132995121677
7922.889457266069 7539.994791986989 7922.60434030352 7540.4730032442185
7930.1158696016455 7526.16955059244 7930.421480093384 7526.625974739494
2655.5108730706766 4153.239909459397 2655.5076242423684 4153.649202099235
7417.124889082578 8212.05479299209 7417.417012803317 8212.497009328741
11131.079001620305 8182.61544311438 11131.381220859192 8183.073622574271
9558.486067698857 2223.730742852433 9558.518300630396 2224.141039746234
6570.504686275152 11211.359071153114 6570.506924424511 11211.752190963458
13069.087977753592 1110.6322839721731 13069.388332783277 1111.110517619513
13127.591424769356 894.2085418679936 13127.886271139088 894.522506737074
3283.994423475981 3913.348537358132 3283.982111906591 3913.7617344695464
7482.523191820772 971.8870570961055 7482.521859970823 972.2979404295619
10462.982702544286 3156.4565292830353 10462.97851539419 3156.8553307810043
10125.510893274695 7219.382567562037 10125.48819798972 7219.810371856057
7303.204349361557 12091.03969046043 7303.391625542909 12090.58727581886
6459.481361822679 9176.189250281728 6459.482783537426 9176.600691498983
5603.906633095788 4038.737262336726 5603.608712138852 4039.0430382000095
14684.603633695622 2910.301600174312 14684.902112694506 2910.6036459598117
9049.21785722763 8128.117692151616 9049.400812216538 8127.641165204352
7299.489120627897 1543.4523946750132 7299.496384283272 1543.8523188702288
1384.9847065628246 2252.720323063427 1384.993938735169 2253.139746781809
3430.9971356101087 5938.545666761286 3430.9810914403843 5938.93741839373
13838.584076649737 4325.37480721802 13838.897458378753 4325.70571737124
13142.013374662736 37.457059429258884 13142.012534658583 37.83193344464142
3859.0912201735487 5575.049702085746 3859.3943606738244 5575.3939402135165
13417.113636291446 1496.904577492301 13417.398089986964 1497.32519871973
7376.907032026652 11831.252851016803 7376.611904218264 11831.553503334331
1354.9869180870237 284.74353313092115 1354.9952403163365 285.1197371661678
1203.4889026114763 1183.211956174434 1203.5015355463743 1183.5914734588098
13333.383614902996 4435.326122576673 13333.106757771182 4435.014681536588
1927.1859869515465 202.22659909878433 1927.4027527290796 201.77765839242147
13654.404810271919 2220.0296094830974 13654.082747192018 2219.704182411279
13171.39281113105 5543.013531352983 13171.09560613406 5542.5666812319005
701.9154634895162 889.8559835504797 701.6146673697335 890.160977179957
9328.106869342617 12138.633224055791 9328.382326064078 12138.314531601247
7324.996916803571 919.0304710125386 7324.976986691574 919.4515145923399
5035.18091258334 5024.2968562572205 5035.386830773722 5023.848436677646
13800.50575402533 692.6075826435067 13800.48025845446 693.0404196767822
11493.508808390668 7428.949549065942 11493.475944182617 7429.3775804443885
5781.496213936559 1955.3032329624382 5781.5154794303635 1955.6924134494448
2978.582630433258 1555.8454406396777 2978.9025426195626 1556.1339000627
5960.8905852294165 10209.107569583335 5960.6053910876 10209.56132027797
6894.475644468066 7553.651426528801 6894.485712142435 7554.085964601853
13447.986177103608 1121.2814276625384 13447.999569887537 1121.7114479017305
13406.5813761144 3548.5094329880753 13406.898646995192 3548.2084475347983
13634.612369788687 2218.2850607863174 13634.888811375009 2218.751231708229
6960.498415724612 11826.636645651453 6960.501426196615 11827.025419427115
1528.4071073172488 887.2605512292487 1528.0814288118409 886.8341821201859
10924.417131929633 7150.387220073165 10924.11309609671 7150.6539301892635
13950.508112111793 4212.546844346193 13950.482053243059 4212.950167995049
5219.621280172875 1489.0991946016893 5219.918445185207 1489.5674427633767
2854.9805949697425 1151.1255623697841 2854.9986371566542 1151.524819683193
1073.9205140348056 942.654621298306 1073.5874229111707 942.3379149234212
5122.414728671591 8871.076849942709 5122.098333270868 8871.536091679254
3130.2200996381016 4935.944753340402 3130.3849225734934 4935.481910476697
10616.923478772842 1896.2104195018896 10616.589354774329 1895.7697503248146
9340.100417839827 12197.50102140293 9340.411371261502 12197.213880519652
7716.484277450891 7912.218559930596 7716.516841231162 7912.605138636593
11606.919992036359 1012.8645942504382 11606.608655751112 1013.1375683036051
12469.417628260773 313.01868070937803 12469.123079067062 312.7495833813526
6731.593334532746 560.7108242596239 6731.8949264869 561.1859128384333
9272.907089965018 8740.310957571577 9272.599487188094 8740.791751640341
5981.585551005727 10256.745355901263 5981.90698310773 10256.452167148776
280.9796614927756 482.57437046942823 280.9918132364134 482.9557126909965
3200.91372622381 1525.5438670567733 3200.5916313476987 1525.8262307785117
13724.00373877867 712.9214125750071 13723.994636717513 713.3624793054831
11110.415137024365 266.24688097486785 11110.08164567261 266.740765829765
1801.185305284608 2173.340029034015 1801.4240907087287 2172.8634508958976
5851.121458563339 1805.201275898667 5851.386964309332 1804.911247688621
3685.1175254016257 4027.442727685781 3685.3926489946984 4027.8918018181894
15723.488661682582 1058.4709209033495 15723.494328961797 1058.8583681066073
5133.496513519589 3564.7658262043483 5133.509741806348 3565.1640182069596
1353.4942134872674 1773.4191828151272 1353.4757624373308 1773.817343092264
8746.117737875487 8018.97365460356 8746.421128214717 8019.306210707963
11815.106616890651 10.786179356647358 11815.407712005435 10.50776161390377
11432.615679774684 8243.312447014618 11432.906540650329 8243.57477771119
7529.91004109923 12588.928690628267 7529.583188735711 12588.658017306037
2780.9103043524005 4704.657332690421 2780.6237070251186 4705.088696295787
5483.016743385548 4.117340312299269 5482.99127433528 4.532631217735074
2416.4003137064105 2851.4166648015657 2416.0909347484444 2851.7365985377282
4700.6077585037 3548.516605031526 4700.88457381641 3548.959765701907
4282.396658383165 6208.127597124037 4282.104901309827 6207.687070924781
10693.103687928395 2219.162600667862 10693.420848062524 2219.604924734319
13442.913396348706 1539.4152162281684 13442.613936690299 1539.6922084997668
11347.100764757908 139.88022885319296 11347.40060436227 140.1773162018951
8650.123633618688 11371.307450815668 8650.395108923149 11371.014684997148
9415.21626623102 10705.415490388914 9415.375950995316 10704.933743285728
7892.609287679724 12433.933618475645 7892.87994678435 12434.393704753842
2723.023014898458 1916.3149755428665 2722.9857859620474 1916.7138669401002
12475.377020057243 308.7559735173997 12475.094170628961 308.3098531709918
5980.076528673912 7321.793499755896 5980.409298074817 7322.2317963405085
